0.581140447472 -0.719632570505 0.380006241765 -0.472422375099 -0.678536483747 -0.562499190871 0.662640837722 0.147367580199 -0.734295523947 
34.846926802 36.4933957926 19.249698787
GUA,G,1,A, ,N,N,N,O5' 29.7576837031 29.1940000218 20.2655841454,C5' 28.459934468 29.5477305281 19.7574427758,C4' 28.5757368365 30.7653719741 18.838307791,O4' 28.914098189 31.9196001798 19.6572246637,C3' 29.6834321984 30.7045963813 17.799376459,O3' 29.2843056731 29.9871833872 16.6389086169,C1' 29.7891822033 32.784289833 18.9342870651,C2' 29.9560015897 32.1799166974 17.5361467268,O2' 28.9358537077 32.7401756333 16.7220225203,N1 34.1264846991 35.4084642917 19.4083550659,C2 33.069113201 35.5822982578 18.5264359839,N2 33.2087164153 36.5892150291 17.6625606699,N3 31.9917975186 34.814680883 18.5119969317,C4 32.0461158851 33.8480072886 19.4699142961,C5 33.0349664352 33.5994858817 20.3858431688,C6 34.193034943 34.415171866 20.3984410329,O6 35.1763521562 34.355354725 21.1383526275,N7 32.6989816197 32.5090918018 21.1888842353,C8 31.5265611032 32.137650272 20.7359445898,N9 31.0585441501 32.9013280766 19.6867518799,;CYT,C,2,B, ,P 41.8740854012 41.4153985132 20.7882368074,OP2 41.7945644127 40.4391465979 21.9034859322,OP1 42.2739642962 42.7931110905 21.1722705607,O5' 40.4802162864 41.4454123481 20.0098557564,C5' 40.3589643057 42.2995527365 18.8583714299,C4' 38.9515202933 42.1801845452 18.2691086814,O4' 38.8166882914 40.8526678335 17.6869044977,C3' 37.8079327158 42.271401284 19.266146273,O3' 37.4666263013 43.618273514 19.5598793622,C1' 37.4845048554 40.3762443986 17.8772226615,C2' 36.7002399619 41.5065604267 18.5529350659,O2' 36.1363155689 42.2934165978 17.5153409039,N1 37.5420956277 39.1309641766 18.6743866794,C2 36.4016099626 38.3394462548 18.7299998731,O2 35.3945766499 38.7088909272 18.1124130038,N3 36.4300361356 37.1853538855 19.4517503534,C4 37.5390357995 36.8201940992 20.1052050771,N4 37.5241945592 35.6904100872 20.7886667247,C5 38.7339660051 37.6235514596 20.0646125259,C6 38.6810583607 38.7629225692 19.3387459709,;1 2;
-0.531290512942 -0.00123750773081 -0.847188797985 0.467786064119 0.833307358765 -0.294576041191 0.706333199753 -0.5528085694 -0.442149405206 
46.1383301219 12.1572976991 39.7863795706
GUA,G,1,A, ,N,N,N,O5' 44.3009699837 19.5856742426 35.1326792525,C5' 45.2388206582 19.6069863861 34.042969243,C4' 45.8047609376 18.2036475772 33.8166469341,O4' 46.6533575915 17.8699359248 34.9506117714,C3' 44.7825105244 17.0798929929 33.7693106169,O3' 44.1981821939 16.9474910063 32.480241528,C1' 46.5369637418 16.4791242033 35.2475869002,C2' 45.614401849 15.8734026637 34.1846320703,O2' 46.4452799426 15.4458299384 33.1149530725,N1 45.8446402394 13.2505472013 39.1231776565,C2 46.3992046029 13.0352026741 37.8693359195,N2 46.8115800539 11.7880668453 37.636420244,N3 46.5146883476 13.9760757915 36.9465817368,C4 46.0348703137 15.1739925892 37.3822237918,C5 45.4782374818 15.4879057225 38.5947139713,C6 45.3464107245 14.4804878348 39.5818086504,O6 44.8832122712 14.5654514801 40.7203113389,N7 45.1123243413 16.8337334521 38.6344039693,C8 45.4579409746 17.2858918566 37.4538130494,N9 46.0258188043 16.3366647962 36.6294758864,;CYT,C,2,B, ,P 45.7128633591 7.01042564269 46.8079786811,OP2 45.3528167897 8.37526727819 47.2670492398,OP1 46.5681437994 6.22866366513 47.7368600399,O5' 46.4025387698 7.09953870315 45.37060062,C5' 46.7903111378 5.87526811319 44.7217800646,C4' 47.4307632464 6.18582923904 43.3668812183,O4' 46.3916412656 6.69124578443 42.4813183325,C3' 48.4864861994 7.27927999396 43.3702713524,O3' 49.7617348142 6.78399718713 43.7514142544,C1' 46.9349933831 7.69635466286 41.6254926383,C2' 48.4345602855 7.77822769706 41.9318729761,O2' 49.0828531428 6.86431857399 41.0611023485,N1 46.2068046832 8.96142779638 41.8680646571,C2 46.3635679321 9.99038626549 40.9477545177,O2 47.1002374416 9.80305799258 39.9708997936,N3 45.6998158607 11.1627329816 41.1444709759,C4 44.9117277947 11.3258413428 42.2133666036,N4 44.2825989751 12.4772742412 42.3621994251,C5 44.7333522088 10.2753406127 43.1826546756,C6 45.4006893951 9.12022618259 42.9630647551,;1 2;
-0.209309461971 -0.679114004321 0.703557899725 -0.319677802833 -0.632437911135 -0.705569550743 0.924118851396 -0.372594226599 -0.0847224338652 
49.2502386856 4.47053567948 37.4731343306
GUA,G,1,A, ,N,N,N,O5' 44.057441789 -2.45102975348 35.1622060868,C5' 43.6759465534 -2.21527745782 33.7960552019,C4' 44.6433403256 -1.22128909964 33.150294849,O4' 44.4286196144 0.0813311900305 33.7622028462,C3' 46.1209374287 -1.50067190638 33.3710051749,O3' 46.6267224693 -2.44935404534 32.4410306096,C1' 45.6716570564 0.773204713106 33.8729636058,C2' 46.7345636239 -0.11497980425 33.2177919551,O2' 46.7941826858 0.257704417931 31.8485067263,N1 48.495461143 3.44343884512 37.162219625,C2 48.5193276488 3.42408116863 35.7747436179,N2 49.4255332623 4.22398662537 35.2103026146,N3 47.720913021 2.66969475662 35.037526402,C4 46.8732955319 1.92938281495 35.8046618666,C5 46.7680224643 1.88293043628 37.1704121212,C6 47.6269401383 2.68398826098 37.9623665332,O6 47.6820545648 2.78439726921 39.1890859106,N7 45.7694953763 0.988262479294 37.5567188664,C8 45.3069320506 0.527409500949 36.4203462594,N9 45.9277572592 1.04943292448 35.3044983281,;CYT,C,2,B, ,P 53.3531693146 9.61592788549 43.1884704799,OP2 52.3002220458 8.8996154528 43.9509470683,OP1 53.5426230962 11.044318093 43.5480336591,O5' 53.0617619854 9.47770079565 41.6246213695,C5' 53.9946862308 10.0667394482 40.7011172719,C4' 53.5273184021 9.82283823487 39.2642952541,O4' 53.6639445093 8.40159277257 38.979977399,C3' 52.063586909 10.1229931811 38.9857380348,O3' 51.845966854 11.5011038838 38.7206222061,C1' 52.5968981799 7.97502810976 38.133001768,C2' 51.7742048541 9.22239904131 37.7916596363,O2' 52.3292216926 9.76942240404 36.6057099116,N1 51.8271157329 6.9282602919 38.840972191,C2 50.9317888084 6.16537042857 38.1015874775,O2 50.8199834735 6.39351308857 36.8901959249,N3 50.2154194251 5.19159292725 38.7278727836,C4 50.3655233669 4.97540376141 40.039724929,N4 49.6546120284 4.01716548177 40.6055309632,C5 51.2859859547 5.75312822118 40.828890494,C6 51.9875194703 6.71161553783 40.1831345104,;1 2;
0.36771214641 -0.47636839406 0.798661962612 -0.868380636682 -0.483173174392 0.111618785983 0.332720373916 -0.73458616696 -0.591337734373 
31.1542349956 49.0082198005 8.09627724779
GUA,G,1,A, ,N,N,N,O5' 28.5457749188 43.9215802546 1.20166840041,C5' 27.5335478366 44.6793125079 0.517034069944,C4' 27.6477728476 46.1580046851 0.892922473784,O4' 27.254600047 46.3020574597 2.28648623156,C3' 29.0476785939 46.7470548721 0.835088413102,O3' 29.3987258181 47.1537965691 -0.480964791854,C1' 28.0465680887 47.312492113 2.90930838287,C2' 28.9486043425 47.9039194967 1.82099030128,O2' 28.2395807637 48.9922647508 1.24637723796,N1 30.7943165369 48.2424728698 7.09359317926,C2 30.1971022617 49.1235202073 6.20301769194,N2 30.3721343206 50.4169209179 6.47893322261,N3 29.5066519886 48.7390454534 5.14211638458,C4 29.4474914735 47.3820937209 5.04114099501,C5 29.9941179283 46.4336777796 5.86589594114,C6 30.7403684145 46.8427066317 6.99834046962,O6 31.298370191 46.1506022141 7.85132669023,N7 29.7003425995 45.1507186316 5.40282804044,C8 28.9904550804 45.3641636318 4.32199783076,N9 28.7923750303 46.697913166 4.0305780756,;CYT,C,2,B, ,P 35.0869122277 50.4063153574 15.7483061684,OP2 34.8505437956 48.9435933807 15.6602926286,OP1 34.859263907 51.0110947018 17.0854281474,O5' 34.2006567346 51.1533415648 14.6500566311,C5' 34.3159258524 52.5829954466 14.5361408338,C4' 33.3846653182 53.0929078959 13.4338155136,O4' 33.9070518067 52.6360558137 12.1540340746,C3' 31.9620700751 52.5590488621 13.4714227769,O3' 31.1435404029 53.2936801827 14.369843613,C1' 32.8255727507 52.3282320635 11.2745111413,C2' 31.5332521054 52.6890463416 12.015452034,O2' 31.2409543831 54.0409819192 11.6982971262,N1 32.919123117 50.8998836114 10.8995724419,C2 32.1525792329 50.4554640308 9.82943099794,O2 31.43085795 51.2702538956 9.2401476485,N3 32.2248617859 49.1469811223 9.46023090226,C4 33.0181765283 48.2972739091 10.1227068425,N4 33.0617762887 47.038058804 9.7274494836,C5 33.8217906133 48.732509436 11.2361085843,C6 33.7345663162 50.0368537127 11.5809649742,;1 2;
-0.0391127536014 -0.0904402702303 0.995133533766 0.0267940860239 0.995442563529 0.0915214710776 -0.998875502483 0.0302433502565 -0.0365112353311 
23.7248518304 23.732459869 42.1016529237
GUA,G,1,A, ,N,N,N,O5' 24.3056760358 32.6192118722 41.1519797822,C5' 23.9814497553 33.1724885095 42.4389328822,C4' 24.1534833236 32.1054337666 43.5218311355,O4' 23.1112945094 31.1060737662 43.3416144187,C3' 25.4483919775 31.3116209227 43.4658512535,O3' 26.5183765587 31.9951748076 44.1050351725,C1' 23.6209360627 29.8134518906 43.666411546,C2' 25.0576573713 30.0133687868 44.1601291943,O2' 24.9866458438 30.199261254 45.5664688949,N1 23.8204151045 25.0301022119 41.9334952286,C2 23.9714024463 25.5199862005 43.2231659231,N2 24.2120267228 24.598302242 44.1571089824,N3 23.897889925 26.8037943008 43.5337889597,C4 23.6470890166 27.5757080381 42.4400512916,C5 23.4769452152 27.1900041189 41.135904991,C6 23.5627638754 25.8166846167 40.7993731167,O6 23.4352584842 25.2779863 39.6986885576,N7 23.2406429643 28.2983012671 40.3219279166,C8 23.2746376249 29.3098016929 41.1546369004,N9 23.5191740585 28.9546684451 42.4650304707,;CYT,C,2,B, ,P 23.1330696293 15.5617397294 39.1245244032,OP2 22.7094442526 16.4451748895 38.0095105655,OP1 22.3443416279 14.3138325389 39.2861189072,O5' 23.1318569029 16.3921678361 40.4883560237,C5' 23.5575584352 15.7292359239 41.6922968383,C4' 23.4767133016 16.6975765468 42.8747343641,O4' 24.5053913547 17.7125662128 42.6984974753,C3' 22.1843591915 17.4887059206 42.9936131594,O3' 21.168284235 16.7484579208 43.6542632796,C1' 24.0272988197 18.9706669565 43.1744418487,C2' 22.6347723267 18.7227382742 43.7649283725,O2' 22.8189244529 18.415465271 45.1380366333,N1 24.0353569583 19.930821198 42.0485871072,C2 23.8928130906 21.2811895074 42.3426749761,O2 23.7675639819 21.6185832812 43.5269456809,N3 23.9029105914 22.1859927359 41.3253794643,C4 24.0413641616 21.7810080758 40.0576874536,N4 24.0510824236 22.692926011 39.1026674355,C5 24.1895551829 20.3870840025 39.7261695821,C6 24.1793971894 19.5090728254 40.7541973969,;1 2;
0.966100021973 -0.0165604760482 0.257636368118 -0.253736565308 -0.24501544758 0.935727089419 0.0476288039954 -0.969377728793 -0.240911427603 
4.07555901329 17.172463653 37.4896667858
GUA,G,1,A, ,N,N,N,O5' 5.42233632724 16.0639007224 28.7049712251,C5' 4.11454556349 15.932939818 28.1218601209,C4' 3.06147717294 16.5042194252 29.0734674849,O4' 2.97483636347 15.6270927327 30.2312663169,C3' 3.37487414168 17.870713847 29.6604396607,O3' 3.00976051048 18.9239858451 28.7784084059,C1' 2.72772287574 16.4001834409 31.4048781272,C2' 2.5691933902 17.8557245727 30.9530369871,O2' 1.18862468946 18.0546095953 30.6849608593,N1 4.30332863026 17.0147002942 36.2072796664,C2 3.09538916038 17.3525315189 35.6133215023,N2 2.20743103336 17.9343268282 36.421217277,N3 2.81871659852 17.1356306061 34.3379939806,C4 3.85528262719 16.5348966685 33.6901794975,C5 5.07655432016 16.1583500198 34.1853785214,C6 5.37824236769 16.3963900328 35.5488103217,O6 6.40549359121 16.1292769122 36.1744024449,N7 5.85466083295 15.5753338565 33.1846975492,C8 5.08367657672 15.6175544331 32.1256915532,N9 3.8482547955 16.1893652978 32.3488828557,;CYT,C,2,B, ,P 6.5783065036 17.3202868155 45.8376348807,OP2 7.60125555769 16.5301630366 45.1079420365,OP1 6.20601470192 16.8007546082 47.1781430306,O5' 5.27579889015 17.4710135817 44.926369629,C5' 4.17388219954 18.2455828809 45.4323301096,C4' 3.03524130196 18.2584064002 44.4097302544,O4' 3.46693809278 19.0444147733 43.2628777276,C3' 2.66099659231 16.9081423975 43.8207268417,O3' 1.76886996174 16.1915614744 44.6618307923,C1' 2.93919701272 18.4770702643 42.0639104384,C2' 2.04885652343 17.3017423359 42.4824448742,O2' 0.740581105377 17.8207756372 42.663483165,N1 4.07025602198 18.0878085982 41.1928818092,C2 3.79670575148 17.7899230257 39.8636958045,O2 2.62569598104 17.8645055429 39.4697509281,N3 4.8205514485 17.4347630955 39.0395220287,C4 6.07356747821 17.3663812842 39.5037415427,N4 7.03685065685 17.0228764278 38.6683722044,C5 6.38341548002 17.6689652168 40.8775414479,C6 5.34997692266 18.0219185498 41.6745839141,;1 2;
0.96408177561 -0.252887736447 -0.0812042036564 -0.0866130656152 -0.0103103860211 -0.996188673297 0.251086651978 0.967440690014 -0.0318434373726 
9.52715261471 13.8651943907 34.6119732927
GUA,G,1,A, ,N,N,N,O5' 8.31698559715 12.2534412007 43.3384470619,C5' 6.97353735553 12.6738024951 43.6315838973,C4' 6.15816475384 12.7474532279 42.3390619091,O4' 6.66542402403 13.8577151943 41.5469997912,C3' 6.27370767781 11.5448533737 41.4168556287,O3' 5.39334479644 10.4961817651 41.7988478464,C1' 6.60399352162 13.5286190571 40.1599089413,C2' 5.9421684546 12.1503206895 40.0590467051,O2' 4.54469692512 12.3735063225 39.9380033347,N1 9.37794943607 13.6156202092 35.891323182,C2 8.00121105058 13.5738463945 36.0612654261,N2 7.28949899282 13.5464551612 34.9332731091,N3 7.40810025615 13.5512758957 37.2435361896,C4 8.31036257024 13.584664376 38.2632527806,C5 9.67863205321 13.632762263 38.1996979596,C6 10.3165234915 13.649297963 36.9350058692,O6 11.5195277555 13.6961245765 36.6731891223,N7 10.2302984531 13.6512301285 39.4811202636,C8 9.18523145762 13.6147967595 40.2711839221,N9 7.97666485386 13.5709044466 39.6074902962,;CYT,C,2,B, ,P 14.3711833562 14.932138839 27.4446053156,OP2 15.2845422274 15.121929582 28.5991299131,OP1 14.58143085 15.8599160412 26.3042095709,O5' 12.8577771166 15.014346215 27.9470916349,C5' 11.8067155007 14.8105278659 26.9858936531,C4' 10.4442774917 14.9347901624 27.6719691252,O4' 10.2795968848 13.7925492805 28.5594419786,C3' 10.2682503036 16.14285695 28.5773895058,O3' 9.89886103916 17.3035294099 27.8471669287,C1' 9.57120254796 14.1922393201 29.732616448,C2' 9.19083967366 15.6647953742 29.542417207,O2' 7.91619326345 15.683225104 28.9189656259,N1 10.4358620087 13.9466605809 30.9080164224,C2 9.84982367521 13.9832925576 32.1671900283,O2 8.63708105236 14.2170722017 32.2485620674,N3 10.6221527324 13.7547507164 33.2648864591,C4 11.9301289663 13.5047255647 33.1348457156,N4 12.6405713722 13.2834533174 34.225745427,C5 12.5620105793 13.4624509189 31.8410808677,C6 11.7730503271 13.689588133 30.7669307821,;1 2;
-0.770498587869 -0.529451032077 0.354983845724 0.616279575435 -0.761021410859 0.202597870464 0.162884655492 0.374870666827 0.912655779666 
15.5170478524 11.2185275575 18.3454408917
GUA,G,1,A, ,N,N,N,O5' 10.485756164 5.55442888044 23.1222271672,C5' 11.0140733519 4.24344820055 22.8582260197,C4' 12.4400660538 4.35721961673 22.3155743091,O4' 12.3719800879 4.93894844194 20.9835413234,C3' 13.3660353435 5.28589181222 23.0838254582,O3' 13.948748602 4.64268687152 24.2096148091,C1' 13.498291678 5.78858920658 20.7699253757,C2' 14.3805959225 5.6791222738 22.017903024,O2' 15.2958176044 4.61882792038 21.7822440395,N1 14.7651766605 10.4131533615 19.0577239219,C2 15.5331145813 9.2632797264 19.1764503856,N2 16.8034696513 9.38514222457 18.7878650956,N3 15.0700655271 8.11695942638 19.6471831583,C4 13.7541289761 8.20402605616 19.9873954385,C5 12.9135348678 9.28326209462 19.9027484165,C6 13.4088174175 10.5140227626 19.4062120391,O6 12.8161298296 11.5828641367 19.2504572955,N7 11.6377556157 8.95013856242 20.3589676754,C8 11.7480508147 7.68977558841 20.7010395141,N9 13.007030853 7.16008295917 20.5075350396,;CYT,C,2,B, ,P 17.2662975448 18.8993069599 14.6144998192,OP2 15.8026123084 18.8769713016 14.8600576472,OP1 17.6887388363 19.5022370018 13.3247340576,O5' 17.8480767529 17.4179906909 14.7444385142,C5' 19.2649199361 17.2240777508 14.5859230076,C4' 19.6069526854 15.7406841937 14.7438316937,O4' 19.3971489331 15.3746036463 16.1371763812,C3' 18.7300542578 14.7739474064 13.9649439407,O3' 19.1625330673 14.6317014087 12.6197442695,C1' 18.89530509 14.0403973426 16.2143728608,C2' 18.8598218816 13.4950440633 14.7823799339,O2' 20.1145524668 12.875384085 14.5469491162,N1 17.5702401003 14.0759740432 16.8719799406,C2 17.0308811031 12.8752410048 17.3165393207,O2 17.6801814202 11.8355830725 17.144668782,N3 15.8156175248 12.8811818803 17.9303472232,C4 15.1450476839 14.0268169571 18.0979221594,N4 13.972079991 13.9872941106 18.7031797378,C5 15.6815589799 15.2845898174 17.6450954143,C6 16.8909423339 15.2523437637 17.0416054848,;1 2;
0.563196250766 -0.453775286491 0.690577998849 0.28209472744 0.891099818361 0.355476691877 -0.776680467035 -0.00539472773894 0.62987169252 
0.189588971759 17.984807095 10.2336110327
GUA,G,1,A, ,N,N,N,O5' -2.14742675209 26.6305650283 10.180467214,C5' -3.35710891952 26.713883584 10.9532628352,C4' -3.48852430528 25.4796706708 11.8478680449,O4' -3.74297233778 24.3282157642 10.9953636186,C3' -2.24392970727 25.098118031 12.6323824614,O3' -2.12799401231 25.8411507797 13.8386702582,C1' -3.09573110723 23.1763915157 11.5343243685,C2' -2.45270045335 23.6061160381 12.8571019057,O2' -3.41817972259 23.3832220087 13.8747256242,N1 -0.126332630728 19.2579743858 10.2107289301,C2 -0.978368206099 19.4063557972 11.2961101235,N2 -1.02602975674 18.364790941 12.1282892069,N3 -1.69651692931 20.4941578324 11.5219488792,C4 -1.50399954871 21.4369926135 10.5580953458,C5 -0.695688047892 21.3840550979 9.45249861235,C6 0.080160630157 20.2234285414 9.21243648464,O6 0.85333254551 19.9853332656 8.28320248346,N7 -0.78681776926 22.5676400299 8.7193259979,C8 -1.64139322929 23.2913391551 9.40024696197,N9 -2.12428514023 22.6752505189 10.5361603366,;CYT,C,2,B, ,P 4.61346246443 11.0516553542 7.34658518253,OP2 4.6550801849 12.0582819015 6.2565654765,OP1 4.4252271744 9.64466302453 6.91021714994,O5' 3.4821669897 11.4560099791 8.398401177,C5' 3.30618684879 10.6305477862 9.5636552944,C4' 2.17626282446 11.190470493 10.4309131924,O4' 2.62973984476 12.4483352929 11.0067401952,C3' 0.896640637939 11.5533600652 9.69533504003,O3' 0.0580970587758 10.423791262 9.50103376692,C1' 1.53602372182 13.3619797957 11.0901174397,C2' 0.289983670057 12.6089695028 10.6109173895,O2' -0.291147984372 12.0046301195 11.7558256434,N1 1.86038155718 14.5557919718 10.2782587802,C2 1.07857229867 15.6916376283 10.4483467807,O2 0.151790760962 15.6544598156 11.2679276441,N3 1.35974081536 16.8055938569 9.71779439663,C4 2.37126507472 16.8059080224 8.84198415803,N4 2.61205029028 17.9096833229 8.15827766696,C5 3.19584102014 15.6411847143 8.64606803853,C6 2.89816976421 14.5491781869 9.38550131303,;1 2;
-0.857726487714 -0.47597177968 0.194309385316 0.0964594264682 -0.520237454281 -0.848556757211 0.504976089849 -0.709086635124 0.492133409321 
25.5527244887 6.61049615227 15.836436728
GUA,G,1,A, ,N,N,N,O5' 20.6595233916 0.952851702119 10.9108667814,C5' 21.3819320876 0.780168364973 9.67969167563,C4' 22.8440096033 1.18722039559 9.87336145289,O4' 22.8908259667 2.62934933949 10.0615856205,C3' 23.5270604061 0.625030760421 11.1092600793,O3' 24.0223819192 -0.689335224793 10.8907019508,C1' 23.9188696083 2.9611594714 10.993855596,C2' 24.6233536092 1.65154943443 11.3633361011,O2' 25.6898176306 1.48415851086 10.440284223,N1 24.816493048 5.77814562498 15.1389836002,C2 25.6998249448 5.26211288556 14.2011835299,N2 26.9863681854 5.54009757339 14.4183977181,N3 25.3244890028 4.5345898233 13.162007354,C4 23.9734665435 4.36652315813 13.1232012896,C5 23.0229697486 4.83730424535 13.9912076322,C6 23.4228629603 5.61014469896 15.1089858089,O6 22.7271072654 6.12098169228 15.9881499456,N7 21.7484096474 4.43547637974 13.5902700875,C8 21.9686159362 3.74094429286 12.5008540188,N9 23.2992756596 3.64933120772 12.1487166266,;CYT,C,2,B, ,P 26.8200378207 12.1708281383 22.4281582879,OP2 25.351169585 12.076819434 22.2364280873,OP1 27.3398380661 13.5295495294 22.7267564903,O5' 27.5611055441 11.5687924776 21.1483064634,C5' 28.9991912215 11.5231797563 21.1500569503,C4' 29.5011877247 10.917878867 19.8370495839,O4' 29.1455014838 9.50621595687 19.825339494,C3' 28.8726496624 11.4745117958 18.5700465504,O3' 29.5047537248 12.6738842749 18.1472178494,C1' 28.8113478091 9.10465700859 18.4968046872,C2' 29.0473982378 10.31939662 17.5923927946,O2' 30.3912154318 10.2426956607 17.1429183105,N1 27.4132127249 8.6201943779 18.4918806767,C2 26.9735473766 7.90985038584 17.3817424896,O2 27.7673120634 7.71409064704 16.4524229822,N3 25.693152573 7.44776946316 17.3546986803,C4 24.8656491309 7.67979370718 18.3801877362,N4 23.6337610047 7.20874727648 18.3144693628,C5 25.2964379839 8.41447525376 19.5418903613,C6 26.5729474332 8.85984805739 19.5457233373,;1 2;
