0.265619620833 0.958017834031 -0.107926116889 0.632433862993 -0.0886571136602 0.76952409003 0.727649383954 -0.272656828038 -0.629431988507 
33.0071162514 47.1025469199 39.3085275389
GUA,G,1,A,,N,N,N,O5' 41.5594211627 48.1589616876 36.8681043085,C5' 41.8527131502 47.0630029499 35.9847356113,C4' 40.5512179092 46.4753848278 35.4354769471,O4' 39.8558770612 45.8149943132 36.5298907049,C3' 39.5446757738 47.4831355439 34.9050314516,O3' 39.8273699056 47.8605586825 33.5640225768,C1' 38.4470614844 45.9827058224 36.3775407122,C2' 38.2287035615 46.7316340521 35.0587085302,O2' 38.0931413667 45.7465781515 34.0444710018,N1 34.2605776021 47.2843927672 38.9663993027,C2 34.3958089514 46.5426534548 37.8012515547,N2 33.2531414711 46.1049689547 37.2698437002,N3 35.5594083103 46.2806710001 37.2290140818,C4 36.5988783929 46.8167282875 37.9269815107,C5 36.5699914045 47.5536166958 39.0822628685,C6 35.3247820434 47.8420605471 39.6929008887,O6 35.0944114306 48.476228851 40.7237839777,N7 37.861343255 47.9148970167 39.4677585596,C8 38.6226932846 47.3878014658 38.5402838092,N9 37.9304644789 46.7031505126 37.5629807074,;:CYT,C,2,B,,P 26.0505351256 48.6388012274 44.3304862945,OP2 27.2363257684 49.0593997898 45.1179946442,OP1 24.9875978491 47.9420369669 45.0987056066,O5' 26.5234661607 47.7336235786 43.1030341936,C5' 25.5262584523 47.255472084 42.1826419215,C4' 26.1887660221 46.4106972172 41.0918545249,O4' 26.9845732556 47.2971042024 40.2549462242,C3' 27.1776161036 45.3631918248 41.576730766,O3' 26.5279009069 44.1650597772 41.9757091611,C1' 28.1680155908 46.6225637534 39.8278953817,C2' 28.0797082665 45.1884968336 40.3616808125,O2' 27.4307585988 44.417023744 39.3629573268,N1 29.3410267019 47.3736342945 40.3273430522,C2 30.5858727761 47.0708391451 39.789779708,O2 30.6570701478 46.1921434844 38.9209621955,N3 31.6806042843 47.7515654626 40.2277701253,C4 31.5618235746 48.6954781622 41.1685915529,N4 32.648924679 49.3346566179 41.5602726608,C5 30.2831052258 49.027339073 41.7427315362,C6 29.2113681506 48.339433723 41.2888440267,;:
0.0792756408356 -0.678447013141 -0.730359516355 -0.8390055037 -0.441062159696 0.31864390163 -0.538316948954 0.587514954402 -0.604186263352 
40.2416840045 0.363675501734 41.3732742187
GUA,G,1,A,,N,N,N,O5' 33.3458801099 -4.02445053058 45.034672254,C5' 33.0591773383 -3.3436464884 46.2682821505,C4' 33.6547713527 -1.93473349123 46.2350867222,O4' 35.1042871983 -2.05541669989 46.2762616729,C3' 33.3806333865 -1.13227562782 44.9737498311,O3' 32.1127324573 -0.491031599265 45.017365534,C1' 35.6964815911 -1.0337796258 45.4752232906,C2' 34.551951985 -0.158749073865 44.9534326104,O2' 34.3591350629 0.876675459763 45.9063794451,N1 39.2297254806 -0.296862375234 41.8840722797,C2 38.6720368586 0.598798084523 42.7856318959,N2 39.1250690414 1.85047994618 42.6978517242,N3 37.7483823096 0.26762740114 43.6728986273,C4 37.424665991 -1.05319239889 43.5976869197,C5 37.9191178739 -2.0131342796 42.7535643449,C6 38.9026826433 -1.65953084676 41.7974315316,O6 39.4669954193 -2.3712697313 40.9650020445,N7 37.3163263951 -3.24627431018 43.0040201257,C8 36.4841937385 -2.99329902197 43.9844545933,N9 36.4878252828 -1.67896387143 44.4034521159,;:CYT,C,2,B,,P 46.9017053182 1.24510134597 35.8197732885,OP2 46.612550103 -0.208603124963 35.8991746281,OP1 48.3407486927 1.6086039958 35.7698033996,O5' 46.1883249641 1.99449286385 37.0359763239,C5' 46.3064082334 3.42597322626 37.120204072,C4' 45.557449136 3.93720543516 38.3531192755,O4' 44.1314336526 3.75603594994 38.1226860774,C3' 45.8272711839 3.18804598064 39.6477826194,O3' 47.0061507035 3.64920912932 40.2915260687,C1' 43.4852103665 3.41269645399 39.3484211447,C2' 44.5565371199 3.45720606011 40.4436612473,O2' 44.5605376676 4.77830277029 40.9617755956,N1 42.8514684006 2.08527609018 39.1876844083,C2 41.9259127452 1.68497389382 40.1434071088,O2 41.6734535687 2.45319030596 41.0804913677,N3 41.3238422201 0.470548860408 40.015563763,C4 41.6235888662 -0.331125145175 38.9871204068,N4 41.0119579473 -1.4981386846 38.899148719,C5 42.5803374818 0.0597765819417 37.9837675644,C6 43.161836462 1.27132027988 38.1316486109,;:
-0.222520232106 0.958210837999 0.179768563003 -0.182657083898 0.140151197701 -0.973136183422 -0.957664417218 -0.2493784909 0.143837520386 
1.84919078615 43.3522149447 45.3749034618
GUA,G,1,A,,N,N,N,O5' 10.2452452019 42.9803351493 42.2794919115,C5' 11.060961991 43.6073017947 43.2839842935,C4' 10.3142988957 43.6317851256 44.6191864462,O4' 9.20129062374 44.561231464 44.4979507641,C3' 9.6658036774 42.3220303288 45.0363882249,O3' 10.5893776999 41.4531181441 45.6787834616,C1' 8.08568560129 44.0781661231 45.2450600669,C2' 8.54429536304 42.7977195351 45.9507693708,O2' 9.06050176427 43.1878661608 47.2151690551,N1 3.06905179478 43.2808894553 44.8972667859,C2 3.87226811933 43.442746589 46.0173916915,N2 3.23626710648 43.3739487699 47.1880413282,N3 5.17887332964 43.6418541287 45.9608849484,C4 5.63031909393 43.6782307608 44.6764054964,C5 4.92209162613 43.536559901 43.511563352,C6 3.52407010704 43.3156318085 43.5694564439,O6 2.72239288187 43.1706777397 42.6451935242,N7 5.76784037963 43.6363085461 42.4063578264,C8 6.95044842105 43.8343246645 42.9354332815,N9 6.95329872349 43.8711812716 44.3144483164,;:CYT,C,2,B,,P -6.81830876047 42.8947695136 44.5753015064,OP2 -6.28196929643 43.0998177526 43.2065549268,OP1 -8.06177982903 43.6419972249 44.8929608353,O5' -5.68391042799 43.2368528411 45.6457072334,C5' -5.98564230403 43.0595891185 47.0413108474,C4' -4.77067258248 43.4452021016 47.8883818025,O4' -3.73117499981 42.4504149553 47.6663788542,C3' -4.10911680041 44.7663241435 47.5317622606,O3' -4.7638703506 45.8689993889 48.1418762594,C1' -2.44974526066 43.0791224481 47.6904144969,C2' -2.68490405627 44.5552717565 48.0294669415,O2' -2.6266500407 44.667055346 49.4429257837,N1 -1.79850305266 42.8648263975 46.3791285673,C2 -0.438725237785 43.1305234681 46.2756376938,O2 0.163767371369 43.531047165 47.2799296952,N3 0.185908852237 42.9358437878 45.0816556689,C4 -0.500843179586 42.5008427702 44.0189370978,N4 0.145851525242 42.3206954622 42.8817981853,C5 -1.91121190483 42.2193438322 44.0996055969,C6 -2.50738956278 42.4176878933 45.2967187217,;:
0.792483407357 -0.500470267528 0.348567870555 0.446760159367 0.0872991965603 -0.890384304827 0.415181176194 0.861341025146 0.292773341229 
2.61931133748 14.0094276597 12.7222644455
GUA,G,1,A,,N,N,N,O5' -0.347802087836 14.0249459244 21.1726842046,C5' -1.7657304606 13.8009924398 21.0901616836,C4' -2.11609168945 13.180460615 19.7362572322,O4' -1.90001699681 14.1870502039 18.7079357227,C3' -1.24928828445 12.0094693995 19.3032532711,O3' -1.69087694235 10.783371317 19.8710137393,C1' -1.40683595705 13.5665563835 17.5214034303,C2' -1.38153437824 12.0576024334 17.7865633945,O2' -2.64234336732 11.5473968548 17.3773678904,N1 2.21409946516 14.0140167576 13.9700894648,C2 0.993775017936 13.3547246041 13.9234407785,N2 0.725548689077 12.7354414611 12.7727044815,N3 0.141321261274 13.3163415589 14.9343331242,C4 0.603472730943 14.0079894272 16.0127825877,C5 1.78237539057 14.6925031379 16.1547103827,C6 2.7003418993 14.7287655184 15.0764490375,O6 3.79600599221 15.2881134059 15.0085510531,N7 1.87080290082 15.2617718776 17.425471445,C8 0.75053988478 14.9060371692 18.0052615726,N9 -0.0769035074004 14.1382745058 17.2122124408,;:CYT,C,2,B,,P 8.48163098378 15.6306848729 6.47895591449,OP2 8.84917075821 16.490533878 7.63166845568,OP1 8.61975811406 16.2614231394 5.14158269246,O5' 6.99400922247 15.0855423543 6.67757648175,C5' 6.45621171538 14.1910753758 5.687184304,C4' 5.02709739523 13.7954814138 6.06601893441,O4' 5.09128502528 12.9480186127 7.24802094326,C3' 4.11086800584 14.9382394401 6.47200514034,O3' 3.53200218111 15.5798448285 5.34502205149,C1' 3.96868983844 13.20996628 8.09008772569,C2' 3.09226021431 14.2320800123 7.35767552464,O2' 2.17031749989 13.494402245 6.57052360602,N1 4.46686643877 13.6821603736 9.40095111022,C2 3.57340976643 13.7146486608 10.4644268673,O2 2.4075627525 13.3478042765 10.2688637372,N3 4.00799767077 14.1393922687 11.6827811757,C4 5.27705490839 14.5273221398 11.8537465017,N4 5.65730747333 14.9269330793 13.0535260998,C5 6.22260784905 14.5043176016 10.7673352409,C6 5.76727954916 14.0756827018 9.56867087504,;:
-0.499785076042 -0.215303030353 0.838963338225 0.808747693466 0.230747267653 0.541001725307 -0.310067808841 0.948894253113 0.058801788484 
38.6253611039 29.4775611253 12.7393749044
GUA,G,1,A,,N,N,N,O5' 37.3528419347 33.2129117017 20.7793654539,C5' 37.5806696797 32.1657601116 21.7380385295,C4' 38.3924460298 31.039652102 21.0947890383,O4' 37.5492354051 30.3804881943 20.1089620834,C3' 39.6180103916 31.475902974 20.3088258256,O3' 40.74525591 31.6769185081 21.1511911241,C1' 38.3397890366 29.9726518338 18.9932589603,C2' 39.793304237 30.3257083262 19.3257295231,O2' 40.3530319287 29.1930774779 19.9747613195,N1 38.4353185354 30.0524173039 13.9032946594,C2 39.0892593373 29.2148531122 14.7959769391,N2 39.8702071304 28.2880445406 14.2384848621,N3 38.9747843319 29.3105050132 16.1104350735,C4 38.1337100905 30.318435862 16.4733173194,C5 37.440615669 31.1899169597 15.6741584996,C6 37.5673830101 31.094573263 14.2665134376,O6 37.0286573541 31.7737750389 13.3910594895,N7 36.6907132637 32.0765278096 16.4476490189,C8 36.9525336972 31.7140522727 17.679620831,N9 37.8253411205 30.650687535 17.7821471036,;:CYT,C,2,B,,P 37.9657369413 29.1747069223 4.05333188729,OP2 36.9469680833 30.1496818276 4.51669561909,OP1 37.5394832061 28.2834144251 2.94455669023,O5' 38.4695399963 28.3047986845 5.29393300755,C5' 39.4979340464 27.3242026469 5.06807666205,C4' 39.8275125856 26.6059527422 6.37875322812,O4' 40.4918470833 27.5557650618 7.25963814259,C3' 38.6336499866 26.1185200182 7.18330181859,O3' 38.1627002672 24.8599795491 6.72382793536,C1' 40.1040810589 27.3114450559 8.61162122126,C2' 39.1974232086 26.0757043703 8.59785530805,O2' 40.0392164111 24.9459365184 8.76745426158,N1 39.4459721078 28.5281403733 9.13703069323,C2 39.2534840707 28.6238476721 10.5096520789,O2 39.6403337866 27.6926805856 11.2274920014,N3 38.6556744922 29.7357948732 11.0194148962,C4 38.2520183337 30.7214974841 10.2096760072,N4 37.6815797759 31.7842970502 10.7470854733,C5 38.4387196344 30.6461444804 8.7833683443,C6 39.0373918085 29.5334219821 8.30244395353,;:
0.0471654057133 0.192624167234 0.980138436498 0.309129972594 -0.935874440023 0.169049379046 0.949849506263 0.295016885465 -0.103686801198 
42.0825397566 0.0393256472841 38.5705227377
GUA,G,1,A,,N,N,N,O5' 45.2234685251 -7.5627221169 42.1141131856,C5' 44.970704643 -8.58484065271 41.1348940484,C4' 44.7500533369 -7.94640236339 39.7620941534,O4' 43.4849706044 -7.22820230933 39.7954162503,C3' 45.7680119381 -6.89473643329 39.3524356885,O3' 46.9350136462 -7.47708224801 38.7870602688,C1' 43.5817653329 -6.04346906889 39.0060260239,C2' 44.9738857465 -6.04850861491 38.3658171852,O2' 44.850155194 -6.71710799039 37.1187984902,N1 42.5537298141 -1.05801415913 39.1137632728,C2 42.7371876158 -1.90909393365 38.033004071,N2 42.6346948029 -1.33498602743 36.8331931128,N3 43.0059117009 -3.19892931205 38.1520253411,C4 43.0686483276 -3.58466704206 39.4567416012,C5 42.8974437948 -2.82781118864 40.5865080484,C6 42.6171764071 -1.44485599993 40.4619683463,O6 42.4278035866 -0.60867710782 41.346786291,N7 43.047580907 -3.61147547143 41.731081829,C8 43.301869148 -4.80742028774 41.2591215692,N9 43.3342743342 -4.87593603071 39.8816948028,;:CYT,C,2,B,,P 39.4362158074 8.33659024867 38.9262441038,OP2 39.3668829185 7.81529841835 40.3142714011,OP1 38.3168556168 9.22413284219 38.5203156514,O5' 39.5647154018 7.11424330593 37.9069282519,C5' 39.6915187575 7.40532516104 36.5035871449,C4' 39.7968519012 6.10086514324 35.7100715554,O4' 41.0809085671 5.48757829214 36.0175121467,C3' 38.7757292553 5.03065989931 36.0595944845,O3' 37.5440605957 5.23127677678 35.3816717888,C1' 40.9428029305 4.06692013203 36.0413915364,C2' 39.4958010272 3.75402614217 35.6444584905,O2' 39.4791697543 3.60599377262 34.2332303664,N1 41.3087289709 3.58363900618 37.3912239283,C2 41.5315438865 2.22243133602 37.5578618355,O2 41.4159036174 1.4794587226 36.5746843216,N3 41.8754043065 1.75262803842 38.7885957114,C4 41.9909900419 2.58877775865 39.8267279684,N4 42.3316995473 2.09104743402 41.0014337004,C5 41.7641454087 4.00373560576 39.6806978232,C6 41.426974464 4.44551709251 38.4482235346,;:
0.555832788894 -0.692468766293 0.45993142804 0.711602415406 0.682355951888 0.167368925766 -0.429734700924 0.234259178331 0.872038258443 
43.2356542249 13.9587785032 10.8470314526
GUA,G,1,A,,N,N,N,O5' 38.469017071 21.0066017212 13.6436285153,C5' 37.1944231307 20.4803935295 14.051060996,C4' 37.3128254348 18.9781622053 14.3159231164,O4' 37.5319906359 18.3102106467 13.0418888429,C3' 38.4935826981 18.5503703579 15.1719998773,O3' 38.2158270223 18.675525492 16.5604727712,C1' 38.4108603351 17.200854492 13.223591825,C2' 38.7080218636 17.1103982418 14.7240599829,O2' 37.7211929663 16.258387223 15.2876519907,N1 42.5624747807 15.0092594541 11.2527458939,C2 41.5632863524 14.4725159643 12.0524726665,N2 41.7122867944 13.1830217964 12.3601326401,N3 40.5306671546 15.1667402812 12.5016988791,C4 40.5660455832 16.4598313245 12.0754619493,C5 41.4983903984 17.0795247124 11.2847488214,C6 42.6091080652 16.3404097041 10.8086813167,O6 43.5388127025 16.7125395418 10.0909566681,N7 41.1624114231 18.4189951491 11.0856079735,C8 40.0460132518 18.5636552937 11.7567425098,N9 39.6155056364 17.4166568211 12.3908613448,;:CYT,C,2,B,,P 49.8724317394 10.1552328455 6.6684679851,OP2 49.76374096 11.5294140166 6.11802777635,OP1 50.1724558012 9.09143413162 5.67660365023,O5' 48.5380511989 9.79815479821 7.46945040759,C5' 48.4556184878 8.51957365752 8.12413286102,C4' 47.1018854674 8.38108220612 8.82456489002,O4' 47.0774576908 9.30733733159 9.94746146864,C3' 45.8868032072 8.76336074533 7.99532715611,O3' 45.4565588361 7.69685480442 7.16208717918,C1' 45.7613522575 9.83695035291 10.1064883091,C2' 44.8737132267 9.14164161687 9.06826111201,O2' 44.3456496718 7.98048078142 9.69004033022,N1 45.8258068366 11.3066725051 9.94751534764,C2 44.7264866276 12.0545932279 10.3505174204,O2 43.7484919543 11.461142791 10.8231293097,N3 44.7625884558 13.4093850225 10.220529531,C4 45.8393701817 14.0137016716 9.70519711186,N4 45.8338582952 15.3301805822 9.60221703001,C5 46.9912412599 13.2611947248 9.27879904164,C6 46.93180431 11.9180452546 9.42115335237,;:
-0.027556597765 0.952696189929 -0.302672436165 0.890706156412 -0.114038484609 -0.440042914905 -0.453743514388 -0.281718287874 -0.84542984891 
25.2793658883 9.50678907695 22.6574459123
GUA,G,1,A,,N,N,N,O5' 33.1660612193 8.91652252876 18.4544447038,C5' 33.886998868 7.86579805188 19.1205625465,C4' 32.9119212064 6.97508803247 19.893045048,O4' 32.3830309517 7.7449320444 21.0088278655,C3' 31.677706248 6.52852544613 19.1266533119,O3' 31.9362741487 5.38430538631 18.3238008377,C1' 31.0189503345 7.39233114734 21.2347828993,C2' 30.68114602 6.26894639723 20.248990351,O2' 30.9743541013 5.04414939739 20.9057180954,N1 26.4248399201 9.44148897747 22.0211204142,C2 26.9040775467 8.17686629709 22.3327207569,N2 26.026195183 7.36619731062 22.9258390838,N3 28.1344011773 7.77161630112 22.0641500868,C4 28.8676702986 8.74660410861 21.4585684069,C5 28.4906938051 10.0192458451 21.1168291294,C6 27.1715276573 10.4531593702 21.3963729136,O6 26.6510499431 11.5475083916 21.1739697471,N7 29.5466593261 10.6984496205 20.5082742428,C8 30.5201377695 9.82095073793 20.5029421317,N9 30.1872914044 8.60468289791 21.0623657981,;:CYT,C,2,B,,P 17.7909675396 13.4532378982 24.7367726957,OP2 18.6921523885 14.5123156568 24.2177426683,OP1 16.9585616189 13.8383697996 25.904784169,O5' 18.6472668626 12.1497051711 25.0791217849,C5' 17.9541169891 10.9830214426 25.5572078969,C4' 18.9558207883 9.85749269843 25.8258201543,O4' 19.4802868422 9.40450651052 24.5455151626,C3' 20.1908191161 10.2480548354 26.6210794501,O3' 19.946867917 10.2346442833 28.0200583526,C1' 20.8543854728 9.04468361336 24.687970195,C2' 21.2040150249 9.20292820881 26.1718808474,O2' 20.9427477909 7.95335907798 26.7916158066,N1 21.6586624525 9.90368036956 23.790878721,C2 22.9757672112 9.5362070927 23.544912371,O2 23.4143296385 8.51158073559 24.0832643244,N3 23.7356539219 10.3062364733 22.7183000435,C4 23.2241912564 11.4067063323 22.1547425655,N4 23.9949660867 12.1213656707 21.355417731,C5 21.8623151143 11.8100566339 22.3945151823,C6 21.1278214218 11.0271610668 23.2163676915,;:
-0.699879796097 -0.498868233029 -0.511173901025 -0.694907787279 0.310113223124 0.648793461761 -0.165140661846 0.809296160202 -0.563709399325 
43.7514134331 10.4345329629 46.6392607143
GUA,G,1,A,,N,N,N,O5' 37.8352393051 13.2689821756 52.7366682246,C5' 38.5699531267 14.1281711428 53.6251927988,C4' 39.8556562499 14.6023738008 52.9447743111,O4' 40.7453913055 13.4586528458 52.8119966476,C3' 39.697715739 15.121829842 51.5251683037,O3' 39.2958826327 16.4851250525 51.5001618296,C1' 41.4779358598 13.5563382381 51.5913676949,C2' 41.0857868589 14.8881922354 50.9430806514,O2' 42.0004570271 15.863421595 51.4223469444,N1 42.8621254936 10.8353055739 47.5166621475,C2 43.4270983715 11.9805919653 48.0599472744,N2 44.4964990526 12.4485586582 47.4141606551,N3 42.9557613236 12.5929984861 49.1336574962,C4 41.8627073642 11.957500573 49.6400066289,C5 41.2373560506 10.8264285888 49.1837984515,C6 41.7354370029 10.1730628528 48.0298254969,O6 41.3204561498 9.15433427534 47.4748993964,N7 40.1454654937 10.5080171794 49.9919501613,C8 40.1471605031 11.4495035349 50.9037031813,N9 41.1608992527 12.3738963677 50.7592018383,;:CYT,C,2,B,,P 46.5106223738 5.17373572585 40.2607854692,OP2 45.4153137415 4.45131419005 40.9547437709,OP1 47.6696954005 4.33895050191 39.8543862213,O5' 47.0026643268 6.39031027502 41.1704502882,C5' 48.0356019304 7.25158136848 40.6591519304,C4' 48.3573942314 8.34169138395 41.6840850352,O4' 47.2142977053 9.23983973167 41.7621995499,C3' 48.5599260377 7.86570442012 43.1132856081,O3' 49.8834665657 7.40100545121 43.334936999,C1' 47.0500532083 9.69479011943 43.1053141727,C2' 48.2117501643 9.11171382784 43.917567348,O2' 49.2689921554 10.0565324266 43.860015738,N1 45.7157029758 9.27014514682 43.5835359874,C2 45.2254427212 9.85006156161 44.7469975616,O2 45.922566494 10.6922974251 45.3272356124,N3 43.9975986316 9.48118900376 45.2052474146,C4 43.2740925008 8.56713550525 44.5485358489,N4 42.0861734923 8.2428406623 45.0254355071,C5 43.7600726315 7.95019369546 43.3410197554,C6 44.980423729 8.33568597513 42.9051448866,;:
0.756080458459 0.452085544576 -0.473245180347 0.116561834865 0.61851175074 0.777082076006 0.644015278537 -0.642698898849 0.41494872747 
6.69129917434 2.00130169835 20.043445264
GUA,G,1,A,,N,N,N,O5' 10.859058999 8.66635420975 15.7515400851,C5' 10.3387159469 8.65468901295 14.4111696023,C4' 9.00565434459 7.90456545447 14.3775331422,O4' 9.27372554249 6.49492071498 14.6191848364,C3' 8.00619866757 8.28695925226 15.4568497469,O3' 7.25581830835 9.44065651519 15.1010675916,C1' 8.21064844027 5.92541267599 15.3818293592,C2' 7.16057524872 7.02518539358 15.5708750205,O2' 6.25980960962 6.92548664196 14.4772245177,N1 7.31541057186 2.98591357765 19.4415238317,C2 6.50875110225 3.26890254257 18.3482481365,N2 5.30850870099 2.68674997453 18.361192855,N3 6.87172274082 4.06307907562 17.3544728983,C4 8.12926301853 4.55479551466 17.5328584177,C5 9.0012601252 4.33185465792 18.566508465,C6 8.61217232671 3.48795988814 19.635656398,O6 9.24839763709 3.16419956889 20.6398260102,N7 10.1919522736 5.03071173113 18.3650860259,C8 10.0023159121 5.64781136304 17.2245076223,N9 8.76920135592 5.41186167648 16.652838805,;:CYT,C,2,B,,P 5.67929687022 -3.68238731728 26.573812674,OP2 7.09343089479 -3.23423519499 26.6243758606,OP1 5.45645481827 -5.12594743835 26.842052486,O5' 5.04672817906 -3.28228492446 25.1633432747,C5' 3.66121080891 -3.58803751093 24.9245316903,C4' 3.26201984547 -3.12667328436 23.5209050928,O4' 3.26610863932 -1.67092781724 23.5057256084,C3' 4.21339036806 -3.5170289895 22.4016582245,O3' 3.9689348432 -4.83531993786 21.9334868116,C1' 3.71740534696 -1.20372010465 22.2345209691,C2' 3.93778553528 -2.44183069817 21.3582859945,O2' 2.71237515743 -2.6957101471 20.6892048101,N1 4.93843407103 -0.393564427715 22.4400608293,C2 5.37917475962 0.399413661206 21.3878087702,O2 4.73330005696 0.393582632369 20.3319532556,N3 6.49683890121 1.15914535074 21.5530226513,C4 7.16712559554 1.13827437466 22.7108245125,N4 8.24292800896 1.89479167203 22.8294952588,C5 6.7318402184 0.323990729236 23.8164274183,C6 5.61787509157 -0.418652597224 23.6282504115,;:
