-0.76566700153 -0.60415633063 0.220792144171 0.24216131373 0.0472581241026 0.969084396654 -0.595912695704 0.795463259909 0.110119304544 
15.7607514704 36.6727308041 31.6406859646
GUA,G,1,A,,N,N,N,O5' 9.88893444025 38.7507383807 38.0763091882,C5' 10.4077380655 38.1662143043 39.2832310591,C4' 11.9018384046 37.8792842466 39.1213504899,O4' 12.0529358561 36.796134988 38.1614998538,C3' 12.7321920128 39.0127968259 38.5419343027,O3' 13.1185118276 39.950851859 39.5376645652,C1' 13.2256611135 37.0071781695 37.3764678504,C2' 13.9071675967 38.2652027844 37.9249338762,O2' 14.8122486414 37.8362079685 38.931999788,N1 14.8848462183 36.9945153554 32.5629276313,C2 15.588410687 36.8519746209 33.7506621039,N2 16.9059129441 36.6920116914 33.6155670867,N3 15.0229456273 36.8789963799 34.9463096652,C4 13.6744609779 37.0520624622 34.8647542756,C5 12.8916909592 37.1952024438 33.748825943,C6 13.4956278646 37.1742953277 32.4676358296,O6 12.9681423339 37.2800856484 31.3592462668,N7 11.5518083272 37.3527230423 34.1046655045,C8 11.5684551121 37.2992017353 35.4140742849,N9 12.8242465367 37.1196935376 35.9561201361,;:CYT,C,2,B,,P 18.2985530084 35.7693204206 23.3510791565,OP2 16.8146614491 35.7998254394 23.333549636,OP1 18.9287517877 34.7974816135 22.4216407069,O5' 18.805658899 35.5100714219 24.8428172609,C5' 20.2231731648 35.4883709212 25.0884926456,C4' 20.4891084006 35.2230720648 26.5721613981,O4' 20.0612636837 36.3939255456 27.3241541008,C3' 19.7075959698 34.0742560646 27.1883246219,O3' 20.3316868224 32.8208364068 26.9510826168,C1' 19.5102366017 35.9870855505 28.5766569444,C2' 19.6717234524 34.4651758445 28.6602383042,O2' 20.9266546876 34.2177724311 29.2748065641,N1 18.1035400932 36.4418603559 28.6390653514,C2 17.4648076578 36.4172868549 29.872644704,O2 18.0982319842 36.0195355784 30.8588427291,N3 16.1722051036 36.8361829026 29.9584685829,C4 15.521864771 37.2598847627 28.868624931,N4 14.2708545797 37.6622539633 28.9983343278,C5 16.1608826057 37.2939567087 27.5781272327,C6 17.4452711932 36.875853186 27.5199602273,;:
0.244837213392 0.850069316769 -0.466301292755 0.663756700742 0.203612757521 0.719700553838 0.706740250133 -0.48572008571 -0.514387224939 
42.6802828754 16.9603139905 40.9215905664
GUA,G,1,A,,N,N,N,O5' 49.7511853098 20.5438855996 36.7533834836,C5' 50.1181231148 19.6053314903 35.7277330406,C4' 48.9404632675 18.6756097428 35.4283925051,O4' 48.7409889364 17.812401363 36.5827049777,C3' 47.5958778886 19.3565009136 35.2320805791,O3' 47.4315908241 19.8344218819 33.9034458254,C1' 47.3477583391 17.562785004 36.7635341125,C2' 46.6191618689 18.2479766224 35.6026931975,O2' 46.5250021377 17.2927853386 34.5557292267,N1 43.7128077833 17.5109527999 40.3283164172,C2 43.7662442811 16.8716494928 39.0976784435,N2 42.6986510918 16.1313893081 38.7945107655,N3 44.7840054751 16.97766894 38.2592417859,C4 45.7681260876 17.7773678082 38.7562350861,C5 45.8125506495 18.4435207704 39.9532232603,C6 44.7207328971 18.3378374692 40.8495435353,O6 44.5766837568 18.849837079 41.9608788784,N7 47.0047235382 19.1581666551 40.0745701305,C8 47.637341147 18.901787535 38.9557503471,N9 46.9505669265 18.0692159401 38.0965561261,;:CYT,C,2,B,,P 36.9879923237 16.2569215961 47.4849155938,OP2 38.1618861318 16.9869803402 48.0254334541,OP1 36.3786608673 15.2593240207 48.4008802512,O5' 37.3861130924 15.5622160045 46.1034189436,C5' 36.3717534594 14.8359417969 45.3866384261,C4' 36.9620413368 14.251142605 44.1013570845,O4' 37.2535566677 15.3532535041 43.1959221735,C3' 38.2903519019 13.5282311494 44.2536300949,O3' 38.1166930883 12.1823391765 44.6722604975,C1' 38.43984322 15.0671703227 42.4551161065,C2' 38.8863951594 13.6572702848 42.8576657914,O2' 38.2589748307 12.7549931142 41.9598937499,N1 39.4404365791 16.1166168541 42.7500481454,C2 40.5534550255 16.2066138762 41.9233731948,O2 40.6567001485 15.4100670033 40.9816340994,N3 41.4861767956 17.1674214032 42.1694219612,C4 41.3377455525 18.0104730687 43.1977492707,N4 42.2638706419 18.930520794 43.3966374353,C5 40.1938892227 17.9373678154 44.0701811125,C6 39.2807383494 16.9768596668 43.8029217268,;:
0.151285835882 0.886377473655 -0.437547220376 -0.979847220917 0.192877755926 0.051938376272 0.130430132723 0.420871887237 0.897694176773 
36.241459457 17.127602645 42.3341823592
GUA,G,1,A,,N,N,N,O5' 43.5627123903 17.7516981351 47.4550570214,C5' 44.0606400282 19.0871689279 47.2651311702,C4' 42.9505126841 19.9818669235 46.7101511918,O4' 42.6677321264 19.5587544576 45.3469318414,C3' 41.6094424727 19.8854795412 47.4188832715,O3' 41.5607247347 20.7077836557 48.5773786428,C1' 41.2727620949 19.6945200511 45.0791160189,C2' 40.6392257828 20.3180305489 46.327217938,O2' 40.681234257 21.7265569819 46.1492331757,N1 37.3080953612 17.1905372629 43.0955049464,C2 37.5042528608 18.5523547214 43.2771899627,N2 36.4975263653 19.3304398919 42.8762707304,N3 38.5954852202 19.0711507953 43.8158146663,C4 39.4980724026 18.1097642709 44.1565291053,C5 39.4016456077 16.7500942814 44.013304132,C6 38.2310447363 16.1914695375 43.4438684505,O6 37.9608540891 15.0087466597 43.2291043741,N7 40.5510612718 16.1220283896 44.4940294867,C8 41.2992027754 17.1152425446 44.9081586126,N9 40.7291521572 18.3601386833 44.7398585931,;:CYT,C,2,B,,P 29.9573355359 12.7659954733 38.1556255001,OP2 31.0467412434 11.7901742038 38.4088843685,OP1 29.294988759 12.6547907236 36.8310851078,O5' 30.5130494825 14.2477071009 38.3686082748,C5' 29.5995494526 15.3486613808 38.2150134536,C4' 30.3331644384 16.6698554363 38.457156635,O4' 30.6748347571 16.7443716493 39.8703624683,C3' 31.6638172646 16.8277803158 37.7397865851,O3' 31.4956229927 17.2770459107 36.4031096936,C1' 31.9373881883 17.3918841778 40.0272042956,C2' 32.3897869106 17.8288230846 38.6294586865,O2' 31.884938928 19.1391260601 38.4245449807,N1 32.8677765836 16.4498158445 40.6878060586,C2 34.0531330514 16.9587021458 41.203815532,O2 34.2757064508 18.17090017 41.0895525374,N3 34.9238512067 16.1140237949 41.821900783,C4 34.6462236871 14.8092832089 41.9258236561,N4 35.5164146122 14.0269874087 42.5378146975,C5 33.4251138814 14.2565987237 41.3982635151,C6 32.5759399652 15.116387123 40.7920328921,;:
-0.927360906266 -0.36754029065 -0.070113367328 0.290106071951 -0.587937755905 -0.755094472367 0.236305345996 -0.720585407797 0.651856160148 
18.6176921512 16.1964709075 39.5964611336
GUA,G,1,A,,N,N,N,O5' 14.216771747 10.3041152272 34.4851363414,C5' 15.1782504913 9.81610345444 33.5338797336,C4' 16.5958083729 10.0807767149 34.0451015227,O4' 16.8275590585 11.5169448977 34.0124125276,C3' 16.8593421902 9.69086537055 35.4902935759,O3' 17.1742231573 8.31066438662 35.6189956368,C1' 17.6388519071 11.9001657314 35.1219370684,C2' 18.0122007404 10.6131761613 35.8650120949,O2' 19.229081402 10.1496054635 35.2978316443,N1 17.9480058986 15.3366967799 38.8659861015,C2 18.9370302721 14.551704851 38.2900933508,N2 20.1601337558 14.7154171439 38.7969139831,N3 18.7122889223 13.6867963196 37.314655727,C4 17.4020128423 13.6718867511 36.9432148851,C5 16.3583352623 14.4071629752 37.4418329588,C6 16.5948429109 15.3284708096 38.4915381586,O6 15.7986424232 16.0754485441 39.0625452055,N7 15.1712212407 14.0861316421 36.7827281244,C8 15.5337442888 13.1748291279 35.9133618223,N9 16.8773446311 12.8640349514 35.9479175739,;:CYT,C,2,B,,P 19.1303869433 22.7330930532 45.3396208018,OP2 17.7563408508 22.7746668257 44.7797628226,OP1 19.7744787083 24.0544115783 45.5511394856,O5' 20.0522727512 21.8151435829 44.4137999082,C5' 21.4203637005 21.6046220296 44.8064598503,C4' 22.1210243597 20.704794821 43.7857916204,O4' 21.5559304754 19.3679117849 43.8991699678,C3' 21.9162818198 21.0770174206 42.3264329158,O3' 22.8168405256 22.091679835 41.9065660296,C1' 21.4932292109 18.7604241668 42.6088442937,C2' 22.1339775873 19.7435293601 41.6228327841,O2' 23.5161440824 19.4270778282 41.5660066656,N1 20.0786540297 18.4491075336 42.3062405749,C2 19.8123222287 17.5947755686 41.243468132,O2 20.7652447281 17.1339093527 40.6019386774,N3 18.5193596358 17.2874056922 40.9477782733,C4 17.5167151299 17.8059631359 41.6661285865,N4 16.2780812774 17.4768254321 41.3479988153,C5 17.7659909113 18.694930835 42.7717899337,C6 19.0581632986 18.9820151424 43.0469646452,;:
0.591691491135 -0.743463906695 0.311709157324 -0.805734735548 -0.53275746875 0.258768265872 -0.026319484232 -0.404265876537 -0.914262755349 
44.7653154813 32.1657462474 30.2712344666
GUA,G,1,A,,N,N,N,O5' 39.3820804932 26.9272553488 25.39346949,C5' 38.0780932179 27.5285456961 25.4679886425,C4' 38.2046917161 28.9940810716 25.8887604137,O4' 38.6433204904 29.0301088053 27.2757221294,C3' 39.2506950971 29.8064291143 25.1430871712,O3' 38.7548135039 30.3042529211 23.9073922643,C1' 39.5201865161 30.1378760374 27.4758639098,C2' 39.5815994717 30.9014827264 26.1488276354,O2' 38.5483064429 31.8752582364 26.1869953291,N1 44.0014912299 31.3814700084 29.5482072928,C2 42.9082704009 32.1786093266 29.2392232697,N2 43.051117156 33.47440783 29.522334631,N3 41.7949827308 31.7177260976 28.6931177737,C4 41.8525790612 30.3730870393 28.4842099815,C5 42.8755812444 29.5031760473 28.7585007017,C6 44.0716915801 29.9953021484 29.3362177305,O6 45.08909572 29.37913747 29.6574495865,N7 42.5294743451 28.2037449374 28.3864673635,C8 41.3174707224 28.3298014524 27.9039220563,N9 40.8323168874 29.621002918 27.9256828368,;:CYT,C,2,B,,P 52.1003557162 33.9622762412 34.6236858142,OP2 52.0324328563 32.4838702743 34.5102209212,OP1 52.5881004395 34.4814266658 35.9267840153,O5' 50.669955176 34.5859965106 34.2851945734,C5' 50.5296411289 36.0179228996 34.2937259667,C4' 49.0884345565 36.4005856547 33.9489494713,O4' 48.8568905704 36.0739728438 32.5492518417,C3' 48.0058980756 35.6395316578 34.6966851072,O3' 47.7480652624 36.2027539092 35.9746275691,C1' 47.5148412904 35.6190719484 32.3763880068,C2' 46.8249771896 35.7406155742 33.7396882927,O2' 46.2459439107 37.035045169 33.7937945393,N1 47.5532604017 34.2372586262 31.8485377302,C2 46.3795428838 33.7050527976 31.3294566728,O2 45.3604046998 34.4074593405 31.3306443166,N3 46.3893540901 32.4377623068 30.8319232042,C4 47.5123223138 31.7105047133 30.8481639319,N4 47.4781340542 30.4878574224 30.350452404,C5 48.7417317286 32.2384544824 31.381746664,C6 48.7065535002 33.4999354053 31.8667996232,;:
-0.632690684265 0.228503895833 0.739924636455 -0.390379728518 -0.919300366294 -0.049904950587 0.668809513693 -0.320425976038 0.670836066617 
26.7176403335 9.6121362028 33.4843676407
GUA,G,1,A,,N,N,N,O5' 29.0391575556 1.0289020287 32.4109404656,C5' 29.7404903889 0.966872479677 31.157237713,C4' 30.2335767497 2.36189875089 30.7678310574,O4' 29.0736147852 3.17504456998 30.4352079706,C3' 30.9372179666 3.14300462969 31.8654756466,O3' 32.3107238474 2.79200282365 31.9701099025,C1' 29.2900454883 4.52041870532 30.8585579283,C2' 30.711515778 4.58419996753 31.4271053462,O2' 31.5711624887 4.91968418237 30.3473609901,N1 27.0465462863 8.34860567957 33.3555402712,C2 28.0837543976 8.36969509121 32.4337004963,N2 28.5769301211 9.57863642336 32.1600409248,N3 28.5765805086 7.28504721974 31.8586218763,C4 27.9364252987 6.1567578951 32.273565857,C5 26.9051623424 6.03256425444 33.1677619511,C6 26.3806901143 7.19164020073 33.7907361341,O6 25.4629223441 7.28588297432 34.6073024936,N7 26.5405120027 4.69392043768 33.3153521322,C8 27.3566239681 4.05781554669 32.5109735972,N9 28.2406676035 4.87699024229 31.8398039698,;:CYT,C,2,B,,P 22.1845213301 16.0996285889 37.1364140041,OP2 21.4344163335 14.8514403436 37.4237128001,OP1 21.3522152638 17.2807190718 36.7932392917,O5' 23.2491663445 15.8235370834 35.9788504103,C5' 24.116571101 16.8990939709 35.5776517432,C4' 25.0496368301 16.4248226225 34.4610349632,O4' 25.9858391683 15.4667455332 35.0311713266,C3' 24.3856266224 15.669229967 33.3215758007,O3' 23.8315968515 16.5486808827 32.3538717655,C1' 26.2731159187 14.4464567498 34.0749308405,C2' 25.5344061381 14.8240945798 32.7861443844,O2' 26.4254306093 15.6186346463 32.0189830752,N1 25.857343395 13.1440074465 34.6408539985,C2 26.3074599547 11.9880660813 34.0151578718,O2 27.0332226815 12.0991649218 33.0186918604,N3 25.9442217313 10.7767115017 34.5194782816,C4 25.1583865288 10.6987631796 35.5995764686,N4 24.8349518136 9.50343824985 36.0582051825,C5 24.6774302031 11.8818696762 36.2657814148,C6 25.0546447878 13.0722071333 35.7474630808,;:
0.660434550137 0.737287604925 -0.142243427297 -0.607027010416 0.412735951307 -0.679092956173 -0.441977842896 0.534842053435 0.720138572961 
26.7171023137 41.7692586119 36.6153447625
GUA,G,1,A,,N,N,N,O5' 33.7453348599 43.7119232295 41.8156907568,C5' 33.4162648766 44.9476774155 42.4730419095,C4' 31.9032576604 45.1713283565 42.4323059256,O4' 31.5229965185 45.4415686414 41.0539998448,C3' 31.0492437803 43.9787285883 42.8303349264,O3' 30.8995837901 43.8797416242 44.2404670012,C1' 30.2436345506 44.8695641703 40.7854056526,C2' 29.7428822131 44.2633537566 42.100566491,O2' 29.007716006 45.2792554631 42.7675480278,N1 27.7594887943 42.0265363323 37.3693498021,C2 27.2706486496 42.9153657181 38.3164779011,N2 25.9431279768 43.0441881378 38.3437661318,N3 28.0397061451 43.5927543454 39.1529880423,C4 29.3600099858 43.3183107847 38.9619579396,C5 29.9394333417 42.4680040242 38.0565514079,C6 29.1177614517 41.7356993393 37.1648058423,O6 29.4455737339 40.9360898791 36.2866692818,N7 31.3279332603 42.4754522252 38.1934181329,C8 31.5406365893 43.3242283657 39.1691380503,N9 30.3926651929 43.880988804 39.6937602831,;:CYT,C,2,B,,P 22.7028246905 37.544811005 30.1335405708,OP2 24.1594014323 37.4128883028 29.8802569435,OP1 21.8635663786 37.7776924408 28.9306736942,O5' 22.4542519487 38.6995046808 31.208037247,C5' 21.1038343624 38.9605352399 31.6304226041,C4' 21.0904408987 40.0992237123 32.6529621768,O4' 21.7107586572 39.6140721074 33.8774113586,C3' 21.9021101146 41.3296534462 32.2822429381,O3' 21.1755217497 42.209230294 31.4365196282,C1' 22.4510096205 40.6682257665 34.4927986956,C2' 22.2205215721 41.9258255305 33.6474637956,O2' 21.0823854742 42.5804884312 34.1858109968,N1 23.8700638878 40.2572387807 34.575772692,C2 24.7148943088 40.9937005925 35.3968613347,O2 24.244714822 41.954428772 36.0197189551,N3 26.0239575241 40.632777959 35.4956001371,C4 26.4938623553 39.5867854096 34.8061699114,N4 27.7688987038 39.2685712602 34.9356846413,C5 25.6392029056 38.8078602287 33.9472625896,C6 24.3431576233 39.184638817 33.8688245783,;:
-0.54678810584 0.482958249178 0.683940126665 -0.450646918871 -0.858212405148 0.24574137251 0.7056487241 -0.173847051173 0.686903982355 
30.3495701688 24.1455266864 42.2045778668
GUA,G,1,A,,N,N,N,O5' 34.9215364883 16.4491691389 42.4817086569,C5' 35.6901701812 16.4064579862 41.267268867,C4' 35.8194950894 17.8150177646 40.684084146,O4' 34.508477201 18.2294108815 40.2077791587,C3' 36.2222737249 18.9016561833 41.6674697865,O3' 37.630541175 18.9537808386 41.8538425558,C1' 34.3346015572 19.6282655732 40.4293007423,C2' 35.6506571608 20.1527378177 41.0130973788,O2' 36.4557186617 20.5556670164 39.9145009832,N1 31.008446806 23.0131155977 42.2739443076,C2 32.0578630902 23.1865010601 41.3824865442,N2 32.2293889789 24.4338428378 40.9416142734,N3 32.8546542417 22.2071102819 40.9875541897,C4 32.5116258741 21.0163507382 41.5527419885,C5 31.4969225591 20.7425296564 42.4324653528,C6 30.6470257811 21.7908815911 42.8628822295,O6 29.6885201855 21.7451381449 43.6356270517,N7 31.4911833938 19.3889877331 42.7710082952,C8 32.4945168977 18.8926997566 42.0893095903,N9 33.1698597712 19.8195740767 41.322586043,;:CYT,C,2,B,,P 24.0449454394 29.6034544904 44.7416823401,OP2 23.6357050196 28.2510257681 45.1962489798,OP1 22.9525235556 30.4556403073 44.207013507,O5' 25.2139477647 29.4685365283 43.6623864089,C5' 25.7887831911 30.672514877 43.1237080555,C4' 26.8810841415 30.3188392875 42.1116951054,O4' 28.0004803658 29.7386616875 42.8395605089,C3' 26.5122701985 29.2614498371 41.0840274424,O3' 25.8059797207 29.8151938845 39.9834115734,C1' 28.6059176731 28.7121368447 42.0536817563,C2' 27.8744977456 28.6933731897 40.7068536993,O2' 28.5689952937 29.5853809962 39.8490948585,N1 28.5156156962 27.4371458309 42.7991705004,C2 29.2932930036 26.3712642092 42.3639517346,O2 30.0237615114 26.5357085381 41.3783591099,N3 29.2332363085 25.1887512119 43.0360508379,C4 28.4310273297 25.051194977 44.0980131896,N4 28.4078502412 23.8884066943 44.7234236406,C5 27.6139843497 26.140210092 44.5685191388,C6 27.6939166788 27.3045493062 43.8860434859,;:
0.416659503808 -0.350845610715 0.83863115571 0.348864276102 -0.790175502571 -0.503901172847 0.839457309663 0.502523663701 -0.206836632817 
39.2458108878 4.66097192422 3.67430271316
GUA,G,1,A,,N,N,N,O5' 37.8515288004 -2.5774014109 8.76110189554,C5' 36.8426743729 -3.34464683219 8.08210763368,C4' 36.7724128296 -2.92572746829 6.61226414471,O4' 36.23016674 -1.57677167746 6.55190312549,C3' 38.1061176853 -2.8267913934 5.89011179868,O3' 38.5445779865 -4.09052226705 5.40906518626,C1' 36.8525854767 -0.853559790368 5.49093258748,C2' 37.795694228 -1.83029537596 4.78070341385,O2' 37.0434667569 -2.44965021412 3.747289936,N1 39.0648442928 3.60969336486 4.43807590077,C2 38.4752370812 2.68286082077 3.58991390491,N2 38.4934220622 3.00438690671 2.29533239627,N3 37.9351696445 1.54850503436 4.00418207132,C4 38.0205675637 1.4113688485 5.35655585912,C5 38.5732881769 2.26604763235 6.27445460093,C6 39.1590588885 3.47781376197 5.83273011608,O6 39.6949357613 4.36752431287 6.49546016133,N7 38.4551342622 1.74649266473 7.56395926865,C8 37.8387951596 0.603842953457 7.38459721026,N9 37.5400523422 0.323914272483 6.06723558087,;:CYT,C,2,B,,P 42.2398605697 12.7046413795 2.15469217206,OP2 42.1589487705 12.5598859617 3.62970781597,OP1 41.8216531973 14.0248028356 1.6182657341,O5' 41.3979686234 11.538693384 1.46083900139,C5' 41.3823439502 11.469499983 0.0237787580963,C4' 40.5196985813 10.2895381469 -0.42999545114,O4' 41.2094256713 9.05988194844 -0.0671398670234,C3' 39.1600950225 10.1694137981 0.238768560717,O3' 38.187701282 10.9958033442 -0.384420601283,C1' 40.2565683743 8.06765709461 0.314259937642,C2' 38.8676334685 8.6805394109 0.103290523371,O2' 38.4763706247 8.36579435302 -1.22396376108,N1 40.5274904646 7.67206491358 1.71412351933,C2 39.9189168619 6.51938451351 2.19502586426,O2 39.1825755647 5.87795941794 1.43450345116,N3 40.1563799604 6.13003369645 3.4778657678,C4 40.9597670273 6.85078024733 4.26863667653,N4 41.1665623637 6.43369606798 5.50436661311,C5 41.6016443181 8.05006595545 3.79472071998,C6 41.3522190554 8.41358558883 2.516640709,;:
0.646579494534 -0.745741778631 -0.160636723239 0.674273025473 0.460206337626 0.577551741343 -0.356778424751 -0.481746122365 0.800393546462 
21.8010338445 13.3968191191 7.63485047834
GUA,G,1,A,,N,N,N,O5' 15.7881577191 19.0389702532 4.13841682666,C5' 14.5643896687 18.2913635046 4.03371769393,C4' 14.6159988834 17.0769216715 4.96287727282,O4' 15.5973117602 16.1427706428 4.43208268615,C3' 15.0878773593 17.3512637632 6.38137229244,O3' 14.032816499 17.8200165644 7.21070117313,C1' 16.2783144603 15.496105188 5.50640019604,C2' 15.6342223916 15.9938569846 6.80458375627,O2' 14.5733141175 15.0989429182 7.10623330063,N1 20.9413050917 14.2462045337 7.12426660765,C2 19.7066969917 13.704024297 7.45262225386,N2 19.7413883373 12.7026380685 8.33334532719,N3 18.5598899163 14.1345139694 6.95305626851,C4 18.743054925 15.1602792889 6.07597583381,C5 19.9124442996 15.7577201398 5.68341129118,C6 21.1411820216 15.303747729 6.22261223763,O6 22.2839241775 15.7033631535 5.99368456862,N7 19.6597202917 16.7783623478 4.76627440986,C8 18.3557878034 16.7638955779 4.63495884076,N9 17.7215156864 15.8079726044 5.40109143402,;:CYT,C,2,B,,P 29.8872039078 10.8008302671 9.59670255905,OP2 30.0223119292 11.8124982185 8.51899862078,OP1 30.7960760191 9.63096457529 9.49257403984,O5' 28.3694676032 10.3112023075 9.67663985266,C5' 28.0120867112 9.35670898498 10.6922162384,C4' 26.5218874478 9.02315993068 10.5900928644,O4' 25.7667683631 10.2013652193 10.9914274702,C3' 26.0100202054 8.70587843209 9.19455663164,O3' 26.2394802463 7.34967516407 8.84115206821,C1' 24.5770641882 10.3007034736 10.208708563,C2' 24.5331400196 9.06194725086 9.3071395484,O2' 23.8290208446 8.05805551649 10.0214032063,N1 24.6117951978 11.5790920784 9.46437911173,C2 23.4348323605 12.0210681326 8.87301065877,O2 22.4153690613 11.3299774046 8.99592195657,N3 23.4383426552 13.1973131129 8.18737487773,C4 24.5615201925 13.9161208235 8.07777243768,N4 24.518552156 15.0535476297 7.40832041678,C5 25.7948363614 13.4794419681 8.68037662349,C6 25.7644039704 12.3100349322 9.35817383057,;:
