   13 base-pairs
...     1 A-U   # A:.146_:[..A]A - A:.157_:[..U]U
   -6.9300   -77.9504    91.6920  # origin
   -0.8739     0.3361    -0.3512  # x-axis
   -0.2715    -0.9367    -0.2210  # y-axis
   -0.4032    -0.0978     0.9099  # z-axis
...     2 G-U   # A:.147_:[..G]G - A:.156_:[..U]U
   -8.1857   -76.6209    94.3228  # origin
   -0.7773    -0.0694    -0.6253  # x-axis
    0.1523    -0.9851    -0.0799  # y-axis
   -0.6104    -0.1573     0.7763  # z-axis
...     3 G-U   # A:.148_:[..G]G - A:.155_:[..U]U
  -11.2747   -75.5428    96.1020  # origin
   -0.4304    -0.5770    -0.6941  # x-axis
    0.5600    -0.7738     0.2960  # y-axis
   -0.7079    -0.2613     0.6562  # z-axis
...     4 G-C   # A:.149_:[..G]G - A:.154_:[..C]C
  -14.8405   -75.3499    97.2852  # origin
   -0.0023    -0.9171    -0.3986  # x-axis
    0.6864    -0.2913     0.6663  # y-axis
   -0.7272    -0.2721     0.6302  # z-axis
...     5 G-A   # A:.150_:[..G]G - A:.153_:[..A]A
  -18.1593   -74.6185    98.7139  # origin
    0.7120    -0.6786     0.1803  # x-axis
    0.3598     0.5731     0.7363  # y-axis
   -0.6030    -0.4593     0.6522  # z-axis
...     6 U-A   # A:.221_:[..U]U - A:.252_:[..A]A
  -25.2468   -61.7449    91.5924  # origin
    0.0062     0.4270     0.9042  # x-axis
   -0.9036     0.3897    -0.1779  # y-axis
   -0.4284    -0.8160     0.3882  # z-axis
...     7 C-G   # A:.222_:[..C]C - A:.251_:[..G]G
  -26.0294   -64.3417    93.7409  # origin
   -0.5036     0.6731     0.5415  # x-axis
   -0.7190     0.0209    -0.6947  # y-axis
   -0.4789    -0.7392     0.4735  # z-axis
...     8 C-G   # A:.223_:[..C]C - A:.250_:[..G]G
  -26.4763   -66.8994    96.8518  # origin
   -0.6875     0.7259    -0.0174  # x-axis
   -0.3015    -0.3072    -0.9026  # y-axis
   -0.6606    -0.6153     0.4301  # z-axis
...     9 U-A   # A:.224_:[..U]U - A:.152_:[..A]A
  -25.6918   -69.2589   100.3650  # origin
   -0.1067     0.8705     0.4804  # x-axis
   -0.8028     0.2096    -0.5582  # y-axis
   -0.5866    -0.4452     0.6765  # z-axis
...    10 A+A   # A:.248_:[..A]A - A:.151_:[..A]A
  -25.5050   -71.0816   102.8222  # origin
   -0.5913     0.6714    -0.4467  # x-axis
    0.3460     0.7115     0.6116  # y-axis
    0.7285     0.2071    -0.6530  # z-axis
...    11 U-A   # A:.249_:[..U]U - A:.226_:[..A]A
  -28.0471   -69.2815   106.6217  # origin
   -0.8712     0.0511    -0.4883  # x-axis
   -0.0276     0.9879     0.1526  # y-axis
    0.4901     0.1464    -0.8593  # z-axis
...    12 G-U   # A:.227_:[..G]G - A:.247_:[..U]U
  -32.4688   -71.5033   104.8736  # origin
   -0.1063    -0.6958    -0.7103  # x-axis
    0.6042    -0.6126     0.5096  # y-axis
   -0.7897    -0.3750     0.4855  # z-axis
...    13 U-A   # A:.228_:[..U]U - A:.246_:[..A]A
  -35.2231   -72.4906   105.1482  # origin
    0.3078    -0.9027    -0.3007  # x-axis
    0.4418    -0.1444     0.8854  # y-axis
   -0.8427    -0.4053     0.3544  # z-axis
